%YAML:1.0
---
num_poses: 10
poses:
   - pose_0:  # First position
       position: [ 100.0, 200.0, 300.0 ]  # x, y, z in mm
       orientation: [ 45.0, 0.0, 90.0 ]   # roll, pitch, yaw in degrees
   - pose_1:
       position: [ 150.0, 250.0, 350.0 ]
       orientation: [ 30.0, 15.0, 45.0 ]
   - pose_2:
       position: [ 200.0, 300.0, 400.0 ]
       orientation: [ 60.0, 30.0, 0.0 ]
   - pose_3:
       position: [ 250.0, 350.0, 450.0 ]
       orientation: [ 90.0, 45.0, 30.0 ]
   - pose_4:
       position: [ 300.0, 400.0, 500.0 ]
       orientation: [ 0.0, 60.0, 45.0 ]
   - pose_5:
       position: [ 350.0, 450.0, 550.0 ]
       orientation: [ 30.0, 90.0, 60.0 ]
   - pose_6:
       position: [ 400.0, 500.0, 600.0 ]
       orientation: [ 45.0, 30.0, 90.0 ]
   - pose_7:
       position: [ 450.0, 550.0, 650.0 ]
       orientation: [ 60.0, 45.0, 30.0 ]
   - pose_8:
       position: [ 500.0, 600.0, 700.0 ]
       orientation: [ 90.0, 60.0, 45.0 ]
   - pose_9:
       position: [ 550.0, 650.0, 750.0 ]
       orientation: [ 30.0, 90.0, 60.0 ]